242	811
930	1282
1392	1875
1977	2486
2574	3116
3252	3631
3650	4299
4376	4861	
5003	5452	
5661	6029
6119	6220
6500	7003
7160	7500
7588	8115
8238	9131
9150	9470
9638	10150
10190	10520
10560	11250
11350	11820
12030	12450
12590	12930
13040	13580
13610	14120
14280	14760	
14840	15380
15410	15920	
16020	16370
16520	16980	
17020	17570
17650	18230
18250	18610
18760	19140
19220	19490
19670	20000
20130	20590
20800	21100
21240	21580
21680	22020
22100	22560
23200	23480
23600	23920
24045	24420
24510	24920
25100	25420	
25500	25880	
25945	26290
26410	26740
26866	27290
27380	27660
27790	28270	
28370	28560
28680	28908
28990	29140
29340	29670
30320	30770	
30880	31050
31120	31380
31470	31750
31850	32120
32222	32460
32550	32730
32820	33040
33170	33420
33546	33790
33870	34290
34370	34780
35190	35420	
35510	35790
35880	36190
36320	36668
36740	37050
37180	37360
37500	37750	
37837	38088
38190	38440
38570	38790
38890	39080
39160	39510
39580	39740
39870	40110
40195	40500
40610	40850
40950	41200
41350	41660
41740	42070
42210	42450
42540	42740
42900	43130
43250	43430
43510	43750
43830	44080
44200	44426	
44510	44710
44820	45070
45170	45480
45760	46040
46120	46340
46420	46760
46940	47120
47200	47450
47580	47840
48260	48560
48660	48860
48930	49140
49235	49490
49570	49740
49940	50100	
50210	50410
50520	50730
50870	51140
51340	51620
51690	51880
51950	52250
52340	52510
52730	52890
52980	53250
53320	53510
53870	54090
54210	54330
54540	54800
54870	55080
55140	55330
55480	55680
55750	55910
56110	56250
56360	56620
56740	56900	
57010	57200
57380	57530
57580	57800
57980	58140
58270	58450
58590	58740
58880	58980
59290	59390	
59580	59780
59890	60000
60120	60380
60520	60690
60770	60925
60980	61110
61260	61410
61560	61720
61910	62100
62200	62400
62510	62880
63310	63500
63660	63960
64140	64340
64400	64550
64710	64820
64900	65130
65240	65390
65560	65740
65870	66090
66160	66410
66570	66720	
66820	67100