60      60
60      -60
-60     -60
-60     60
70      70
70      -70
-70     -70
-70     70
80      80
80      -80
-80     -80
-80      80
90      90
90      -90
-90     -90
-90     90
100     100
100     -100
-100      -100
-100      100
110     -110
110     110
-110      110
-110      -110
120     120
120     -120
-120      -120
-120      120
130     130
130     -130
-130      -130
-130      130 
140     140
140     -140
-140      -140
-140      140
150     150
150     -150
-150      -150
-150      150
160     -160
160     160
-160      -160
-160      160
170     170
170     -170
-170      -170
-170      170
180     180
180     -180
-180      -180
-180      180
190     190
190     -190
-190      190
-190      -190
200     200
200     -200
-200      -200
-200      200
300     300
300     -300
-300     -300
-300      300
210     210
210     -210
-210      -210
-210    210
220     220
220     -220
-220      -220
-220      220
230     230
230     -230
-230      -230
-230      230
240     240
240     -240
-240      -240
-240      240
250     250
250     -250
-250      -250
-250      250
260     260
260     -260
-260      260
-260      -260
270     270
270     -270
-270      -270
-270      270
280     280
280     -280
-280      -280
-280      280
-290      290
-290      -290
290      -290
350     -350
350     350
-350      -350
-350      350
400     400
400     -400
-400      -400
-400      400
450     450
450     -450
-450    -450
-450      450
-500     500
500     500
500     -500
-500      -500
550     550
550     -550
-550      -550
-550      550
600     600
600     -600
-600      -600
-600      600
650     650
650     -650
-650      -650  
-650      650
700     700
700     -700
-700      -700
-700      700
750     750
750       -750
-750      -750
-750     750
800     800 
800     -800
-800      -800
-800      800
850     850
850     -850
-850      -850
-850      850
900     900
900     -900
-900      -900
-900      900
950     950
950     -950
-950      -950
-950      950
1000      1000
1000      -1000
-1000     -1000
-1000      1000
1023      1023
1023      -1023
-1023     -1023
-1023     1023